NGC_104 1376.8597209445597 145.28781068688048 -4281.722639418192 4.149521472725441
NGC_288 7749.256101278564 1815.9307458909223 -3982.640506363209 5.77325908715873
NGC_362 2714.61582341756 768.6407488373135 -8124.0416253535905 2.0513436864149246
Whiting_1 25829.808912396482 15359.492683928554 -1707.909845814018 1.9262617204140202
NGC_1261 6213.988760953604 6917.715686883536 -13387.365437388633 3.224204946901386
Pal_1 1198.7148986405803 1610.1633205477615 10916.980199347241 1.4852752023116609
AM_1 41432.40838980849 68304.25306997914 -93918.97863356677 14.705271682400529
Eridanus 33921.321548539585 76856.94419143043 -32563.231933515613 12.056152768313572
Pal_2 7358.7159015791785 22024.33648147083 14163.964940326516 3.9560796657494337
NGC_1851 1842.24586094877 9077.76792687074 -7785.259125661395 1.7950711488451738
NGC_1904 1826.5956127176862 11593.175968251331 -5354.6073092954575 2.4390976587281834
NGC_2298 -1853.3866404705648 8537.948031985552 -6348.889774128959 3.078760883916661
NGC_2419 -26700.301252033656 58492.95904985906 51850.0497072294 21.384356249608988
Ko_2 -15357.765965018072 27066.629464684185 15350.133353988243 2.119702379183714
Pyxis -22942.348241555945 21400.949203024622 -23832.91904850798 14.230485262782327
NGC_2808 -3031.0494911332994 2727.9321744471767 -8690.864458379066 2.2340214828799634
E_3 -1370.79567833814 1140.57293891564 -7901.266517417497 4.9480090448642535
Pal_3 -81200.15585248283 44303.174862167965 115.70075482687021 17.489653754446277
NGC_3201 -3046.804911089725 1459.5609318634679 -3549.177611776759 4.418593087305698
Pal_4 -94242.43445530169 12708.580455888412 52654.96681923157 16.125969742104992
Ko_1 -47198.25813378147 142.44313135507423 10256.41940890001 3.6529741313891817
NGC_4147 -18280.300767089597 -806.5264020616252 6137.598799817475 2.6947883825913403
NGC_4372 -1717.8307059154454 -193.87473973091267 -5536.37699683722 6.596765640684436
Rup_106 -13109.482636922046 -2233.192257875828 -16510.430561666246 6.475171726253245
NGC_4590 -9062.117992568436 -1576.147031655705 -4635.059656937584 4.524184600332547
NGC_4833 -2089.5785024181937 -555.6554125637679 -6235.776514975527 4.626868605007367
NGC_5024 -16153.944867663085 -5320.58606043418 5581.346538785687 6.821037935162189
NGC_5053 -15662.524834529848 -5427.577384707973 5290.247587849019 13.210399646557516
NGC_5139 -3265.447843457366 -1299.2704697767645 -3832.590067829549 7.563098758299395
NGC_5272 -8096.838319993165 -3870.395843045813 4847.808292210405 6.853909004138865
NGC_5286 -6529.787039137304 -3271.5429067651853 -9140.508094887771 2.484476227557129
AM_4 -25033.764691437256 -13928.130860358022 -14702.305809310732 4.0276381581903715
NGC_5466 -12002.55749169007 -7315.961249655107 7642.991865246192 10.704687676103568
NGC_5634 -19909.078814120094 -15224.462127916986 -2623.801381350319 6.30412938971177
NGC_5694 -24021.113372301133 -20085.629070766798 -15638.210165700655 4.072434939698393
IC_4499 -1798.5834850836804 -1803.4163699378582 -18626.668699577614 9.35147490345008
NGC_5824 -18688.577787437953 -19348.730701718512 -17514.95590960069 4.201880198175709
Pal_5 -15213.854623115485 -17515.038826302247 -45.19313921829929 18.42369945692404
NGC_5897 -7601.259746031236 -8853.546263533912 -4481.6926303384425 7.490372269680603
NGC_5904 -4853.865226011665 -5711.026179111437 272.34601010211145 3.8615413112603822
NGC_5927 -3004.134812427642 -3845.5149361910144 -5956.273071669242 2.463823211485088
NGC_5946 -3962.122445159517 -5427.222367132468 -8197.977988947045 2.744239421862655
BH_176 -6998.493394953698 -9914.030843534261 -14489.412777412366 4.948008542447644
NGC_5986 -4534.9426274080015 -6854.799725404307 -6372.284997606029 2.9647327030308586
Lynga_7 -2083.257155220239 -4047.5326811149575 -6578.565103465195 2.7925269166112408
Pal_14 -33837.6308873553 -65706.86325028195 19745.198346429574 27.14859765449147
NGC_6093 -3998.344519616878 -8293.140209192157 -3903.4685310797563 1.7744180914837713
NGC_6121 -803.8654089147475 -1796.7901873210578 -982.5199372517 2.771002541107673
NGC_6101 -1880.6988172561128 -4315.112559628392 -14662.972944001118 4.703662480391508
NGC_6144 -3149.6215281061277 -7351.363664797459 -3904.783796522681 4.219915559348638
NGC_6139 -3083.795178207959 -7236.228062192577 -6335.393494550911 2.497275322285549
Terzan_3 -2595.2172399056226 -6163.8377187685755 -4744.676180139425 2.981604270225354
NGC_6171 -2322.1281045227097 -5786.029512654708 -1445.539188287365 3.2207145182257193
1636-283 -2514.3786005632383 -6854.56263904855 -3947.514570003438 1.207186074475011
NGC_6205 -1913.49276875174 -5380.198780265971 4219.242409338358 3.4903678969542797
NGC_6229 -6451.206797330784 -19558.11347342647 22496.935974008706 3.1939525428248263
NGC_6218 -1497.6182361567967 -4557.466704415819 -163.20801717999888 2.4713864392066447
FSR_1735 -1947.0443622402158 -6386.097621434695 -7174.034807622189 0.9692395144344236
NGC_6235 -3050.291428928362 -10203.021113644083 -4340.977119628625 3.3452144940086326
NGC_6254 -1188.5007595523075 -4224.746753751083 -314.61215998952724 2.4958210980304982
NGC_6256 -2141.4189463114762 -7928.702214765139 -6216.108596699115 2.5766878061123504
Pal_15 -11700.73096567844 -43553.67916786006 -424.1766282178901 14.43096452441266
NGC_6266 -1492.3271995561067 -5689.761525883892 -3411.6818884585987 1.8197966768567242
NGC_6273 -1954.8047077843935 -7645.306085600738 -3894.615951785271 3.378957597919705
NGC_6284 -3333.047756493129 -13487.188719181013 -6409.097682679875 2.937389167195913
NGC_6287 -2055.459664267189 -8424.19284360173 -3628.7822340807443 2.0234184107309248
NGC_6293 -1832.673579562868 -8295.77242182385 -4251.054866274848 2.45945985921653
NGC_6304 -1012.3489201973089 -5036.283780541873 -2901.8951300186923 2.437061550804907
NGC_6316 -1725.4245760187764 -9006.90987947401 -4904.944898314752 1.9664043140134193
NGC_6341 -1126.538471037393 -5951.099960287195 5674.9731572882765 2.4626596468302826
NGC_6325 -1301.3010196620924 -7018.941545710809 -3143.417763219068 1.4294246733853224
NGC_6333 -1326.948993015058 -7372.595980502395 -2508.791517487306 2.2060962318661423
NGC_6342 -1350.3843663530924 -7893.437641316243 -2849.5796647507536 1.8049613619004783
NGC_6356 -2274.8013605579217 -14194.986497011427 -4619.268028558966 3.557853746030333
NGC_6355 -1290.4604930385367 -8142.243282517376 -4083.942463381113 2.3550309887967336
NGC_6352 -557.5692203499291 -3674.302062568284 -4189.107412984875 3.3393970313107175
IC_1257 -3544.684355497643 -24554.133222737135 -3087.0300451998874 10.18108786613544
Terzan_2 -909.0367844584722 -6377.583234265025 -3840.5838377157006 3.3161257948864358
NGC_6366 -489.1490114782859 -3451.766553041566 -309.9046754622459 2.9728782075106297
Terzan_4 -783.233891487004 -6082.507880566115 -3772.2198443459306 3.8746313134560264
HP_1 -893.6914069474093 -7046.271708037176 -4097.727502612053 7.394380268552393
NGC_6362 -362.25026508554953 -2941.431588248009 -6998.339442832295 4.532038828207402
Liller_1 -792.6185042783109 -6800.58432706141 -4512.6276953901615 2.961674597837946
NGC_6380 -940.871061907661 -8410.138417224916 -6869.813203281608 2.3463043273369233
Terzan_1 -608.7167964377046 -5742.539283251068 -3397.4558778669857 7.444995876826425
Ton_2 -665.432682944823 -6378.01341015518 -5110.591383034798 3.1008684521856438
NGC_6388 -726.3425945546691 -6994.989132696899 -6967.966236197466 1.4974925096320872
NGC_6402 -905.9978387063377 -9240.772703397432 -526.5812002002883 3.5168386104056695
NGC_6401 -903.1050432171324 -9648.205052215404 -4296.107604718593 5.889323278632934
NGC_6397 -114.59126396270312 -1357.6330781037504 -1853.0248966114746 1.940224812034735
Pal_6 -369.6678323458442 -5189.943903892799 -2562.7773934102606 2.02458201454315
NGC_6426 -1353.2279076806808 -20523.912635498473 1139.2033884694517 5.5129134622424285
Djorg_1 -627.3114700605187 -11464.091733342226 -7474.6960506126925 6.336418301189183
Terzan_5 -325.6861099196195 -6256.245046383271 -2891.941644883281 1.445132641781509
NGC_6440 -386.56089150331843 -7959.569289980282 -2957.334508499665 1.186823899068725
NGC_6441 -395.03942659944215 -9249.46796021605 -6989.369521234995 1.9233528533231785
Terzan_6 -233.92357341787792 -5807.12741260841 -3530.233841480102 0.87033752508036
NGC_6453 -380.63035700795183 -9540.88813976475 -6586.84856633431 1.4846934251370847
UKS_1 -172.24231634838557 -7115.503045396384 -3190.6032337809934 2.817202666236095
NGC_6496 -33.14243128321025 -8091.949505559062 -7887.284372883425 3.3527775914677345
Terzan_9 45.51718997390035 -6334.974907855383 -3205.6233562693483 1.610938927234663
Djorg_2 44.20395898209679 -5571.359437809188 -2940.748208321275 1.9242255601601623
NGC_6517 84.15452871331135 -10470.348531826032 -1650.6724803502032 1.5417075167994116
Terzan_10 81.9832588203832 -5209.138941433867 -2549.1469620464095 2.6150851731115705
NGC_6522 103.74699735745278 -6665.304293574293 -3853.953195693922 2.2398392699014322
NGC_6535 113.98261319617261 -6798.95287196539 -35.324335557037465 1.6813338803506668
NGC_6528 144.01366724012718 -6836.200820244384 -3956.7181361499665 0.8732464059710959
NGC_6539 162.8656535602562 -7730.020009138967 -1029.6919137303228 3.8571779613190285
NGC_6540 125.6960335982155 -4688.091526662205 -2469.00756272145 1.9142530937245261
NGC_6544 87.10096940172268 -2717.586895047285 -1267.7282394095885 1.055924241061388
NGC_6541 190.11671143738653 -5417.572096460732 -5183.026935650857 2.3125613321810103
2MS-GC01 123.55631796219046 -3384.283019529068 -1221.2134457247191 1.7278760921562213
ESO-SC06 585.5775141366538 -14739.993940251728 -15503.215073534902 6.536258251972615
NGC_6553 218.7853177396569 -5392.512452118704 -2621.6297294786464 1.7976891833464501
2MS-GC02 192.01080658387602 -4577.2610844613255 -1738.3362203069175 0.7839437290428125
NGC_6558 282.4833156057657 -6285.3176791329 -3895.508291453607 4.628032003270183
IC_1276 250.8859440611002 -5351.451664066377 -677.5111292324053 3.738495855057132
Terzan_12 236.7614857346109 -4420.489662776371 -1855.5902403709667 1.047197567810901
NGC_6569 551.1266961591522 -9244.720542924371 -5748.165050519412 2.536545225353292
BH_261 351.0142091791709 -5694.178799552812 -3114.9826361759415 1.0399253548527105
GLIMPSE02 424.3500651676127 -5243.17090001776 -1605.9532793326218 1.9864890595254516
NGC_6584 671.5037734515048 -8244.004483634793 -10669.370776013448 2.866703339488995
NGC_6624 702.9168936658825 -6780.2367744823305 -3993.0310695706526 1.884373851474175
NGC_6626 533.432534832965 -4961.368671623164 -2313.06520336498 3.151774085892638
NGC_6638 1141.7556474464054 -8407.306247247654 -4046.4299952569054 1.3945180825739367
NGC_6637 1014.9030518218738 -7364.754597767018 -4708.5413357081425 2.1502456812504973
NGC_6642 1030.8414671737175 -7357.723007752427 -3226.6512068622656 1.720022003693397
NGC_6652 1303.4497988000942 -8285.689020647582 -5445.0322382083405 1.3962634106690883
NGC_6656 462.6796386358881 -2888.6862121350914 -1296.695615714183 3.127631015495258
Pal_8 2168.4343342265547 -11844.459640364723 -4341.274970088696 2.1595540816247456
NGC_6681 1426.0135599597772 -7473.180859362598 -4808.123664182041 1.8587756798025914
GLIMPSE01 887.7684533426668 -4103.635508507398 -109.73963079396019 0.7941248191208039
NGC_6712 1565.3364038730822 -6638.440623103482 -1044.4271330443012 2.669481224112112
NGC_6715 5433.618228939529 -22182.096710486654 -13441.740157760576 6.321000894185524
NGC_6717 1559.6251261025573 -6361.557581464775 -2740.1012031926184 1.4044082897545913
NGC_6723 1793.7976815391537 -6747.214693491437 -5191.086953388279 3.872013201202292
NGC_6749 2217.86550804978 -7577.757401445374 262.0407469134212 2.52781861957561
NGC_6752 608.9197130973691 -1906.0305473000594 -3463.5623764789416 2.222386142880352
NGC_6760 2261.784527155875 -7044.616364169764 133.0828102718233 2.7337675094059755
NGC_6779 2665.2838152884674 -7675.986744688955 4726.043766124137 3.0077841802545233
Terzan_7 6239.688953711029 -17686.037422474077 -12965.73800644541 5.1068334767366395
Pal_10 1867.7079238205447 -5271.685788813489 1879.0944774863888 1.6990780737858464
Arp_2 9318.302084171706 -22852.279422083397 -14453.462266292638 14.725344200272925
NGC_6809 1956.808853490194 -4196.621194214149 -2778.3573677939635 4.445354609006583
Terzan_8 9364.470271765178 -19690.43984617059 -14706.572516856664 7.267842078518141
Pal_11 5881.345899687453 -11894.77212902789 -1866.592190793397 5.6909372564892875
NGC_6838 1803.7605010961138 -3329.9111816144323 1287.6876862207969 1.9431333867374068
NGC_6864 10136.30844325816 -16528.295728830824 -7802.607989861209 2.7965992548030374
NGC_6934 9640.254707630955 -12098.91339554262 2010.418816853484 3.1311207201242426
NGC_6981 11394.68525595113 -12064.119874831089 -3690.279063094747 4.598942691195246
NGC_7006 28159.100247517217 -27795.396657669164 11485.686653096096 5.273221475486887
NGC_7078 8064.787347575493 -6189.885245999654 2191.922827049806 3.025237455451285
NGC_7089 9226.968800688448 -6861.905377397504 -165.23117976099655 3.5459273760108823
NGC_7099 6106.364617284255 -4261.100211525463 -3188.312429501941 2.426880397517708
Pal_12 14793.859965987773 -9731.8626923517 -6887.129724635468 9.506227452420212
Pal_13 24675.089018305098 -5839.689403759432 5747.870006040406 2.7227136430637864
NGC_7492 24691.543751179815 -5650.148463199323 -7077.675432469297 8.797914199270425
